qwen3_14b: 0.9773115773115774 => 97.73
qwen3_8b: 0.9566707802001921 ==> 95.66
llama3_3_70b: 0.9486402486402487 ==> 94.86
mistral_small3_1_24b: 0.9636043694867226 ==> 96.31
--
o3: 0.9660724896019015 ==> 96.61
o4_mini: 0.9601065601065603 ==> 96.01
